verb	Perspective(wo)	Perspective(ws)	Perspective(so)	Effect(o)	Effect(s)	Value(o)	Valuee(s)	State(o)	State(s)	Perspective(ro)	Perspective(rs)	Perspective(os)
cry	0.1	0.333333333333	0.166666666667	0.2	-0.333333333333	-0.0666666666667	0.6	-0.0333333333333	-0.466666666667	0.0666666666667	0.4	0.0666666666667
found	0.333333333333	0.3	0.666666666667	0.6	0.6	0.466666666667	0.733333333333	0.333333333333	0.733333333333	0.5	0.566666666667	0.333333333333
catch	-0.0333333333333	0.266666666667	-0.1	-0.133333333333	0.266666666667	0.333333333333	0.733333333333	-0.233333333333	0.5	0.0666666666667	0.3	-0.3
suspend	-0.0333333333333	0.133333333333	-0.433333333333	-0.4	0.133333333333	0.2	0.733333333333	-0.2	-0.333333333333	-0.266666666667	-0.166666666667	-0.266666666667
claim	0.333333333333	0.433333333333	0.666666666667	0.133333333333	0.466666666667	0.866666666667	0.866666666667	0.1	0.6	0.266666666667	0.366666666667	0.1
call	0.166666666667	0.2	0.266666666667	0.266666666667	0.2	0.866666666667	0.6	0.2	0.266666666667	0.2	0.3	0.266666666667
reiterate	0.233333333333	0.3	0.2	0.6	0.266666666667	0.6	0.866666666667	-0.0333333333333	0.133333333333	0.3	0.3	0.0666666666667
forgive	0.533333333333	0.733333333333	0.533333333333	0.866666666667	0.266666666667	0.866666666667	1.0	0.733333333333	0.733333333333	0.533333333333	0.733333333333	0.733333333333
escort	0.166666666667	0.233333333333	0.133333333333	0.866666666667	0.0666666666667	0.6	0.733333333333	0.3	0.133333333333	0.166666666667	0.3	0.333333333333
carry	0.2	0.3	0.366666666667	0.2	0.133333333333	0.333333333333	0.733333333333	0.0666666666667	0.233333333333	0.233333333333	0.3	0.0
diminish	0.1	-0.1	0.0666666666667	-0.466666666667	0.0	0.466666666667	0.333333333333	-0.133333333333	-0.0333333333333	0.0666666666667	-0.1	-0.133333333333
own	0.233333333333	0.333333333333	0.666666666667	0.266666666667	0.533333333333	0.866666666667	1.0	0.0	0.733333333333	0.3	0.266666666667	0.0333333333333
correct	0.1	0.166666666667	0.2	0.4	0.133333333333	0.466666666667	0.6	-0.166666666667	0.233333333333	0.1	0.166666666667	0.0666666666667
resist	-0.366666666667	0.0	-0.666666666667	-0.533333333333	0.266666666667	0.333333333333	0.6	-0.333333333333	0.266666666667	-0.366666666667	0.0333333333333	-0.3
portray	0.466666666667	0.466666666667	0.533333333333	0.6	0.4	0.866666666667	0.733333333333	0.3	0.566666666667	0.466666666667	0.466666666667	0.333333333333
end	-0.1	0.266666666667	-0.0666666666667	-0.133333333333	0.266666666667	-0.0666666666667	0.466666666667	-0.2	0.133333333333	-0.0666666666667	0.2	-0.133333333333
expel	-0.333333333333	0.0	-0.666666666667	-0.866666666667	-0.133333333333	0.333333333333	0.6	-0.8	-0.5	-0.2	-0.3	-0.866666666667
wish	0.666666666667	0.6	0.833333333333	0.6	0.466666666667	0.733333333333	0.866666666667	0.466666666667	0.733333333333	0.733333333333	0.666666666667	0.533333333333
look	0.233333333333	0.333333333333	0.3	0.0666666666667	0.133333333333	0.2	1.0	0.1	0.3	0.2	0.4	0.1
repeat	0.1	0.366666666667	0.233333333333	0.466666666667	0.0	0.6	0.6	0.0	0.166666666667	0.166666666667	0.333333333333	-0.0333333333333
minimize	-0.0666666666667	0.166666666667	-0.233333333333	0.0666666666667	0.2	-0.2	0.466666666667	0.0333333333333	0.233333333333	-0.1	0.166666666667	0.0
care	0.3	0.4	0.5	0.466666666667	0.0666666666667	0.6	0.466666666667	0.233333333333	0.4	0.266666666667	0.366666666667	0.133333333333
involve	-0.0666666666667	0.0666666666667	-0.0333333333333	-0.0666666666667	0.333333333333	0.333333333333	0.466666666667	-0.0333333333333	0.0666666666667	-0.1	0.0333333333333	0.0
walk	0.1	0.3	0.266666666667	0.133333333333	0.133333333333	-0.333333333333	0.866666666667	0.0	0.333333333333	0.166666666667	0.266666666667	0.0
ignite	0.0666666666667	0.166666666667	0.1	0.266666666667	0.133333333333	0.2	0.0666666666667	0.166666666667	0.166666666667	0.0333333333333	0.166666666667	0.0666666666667
laugh	0.0	0.233333333333	0.1	-0.133333333333	0.2	-0.333333333333	0.6	0.0	0.8	0.1	0.4	0.0
command	0.333333333333	0.0333333333333	0.566666666667	0.133333333333	0.466666666667	0.6	0.6	0.0666666666667	0.433333333333	0.4	0.166666666667	0.133333333333
besiege	0.0	-0.233333333333	-0.6	-0.733333333333	0.0	0.6	0.0666666666667	-0.566666666667	0.133333333333	0.0333333333333	-0.233333333333	-0.533333333333
steer	0.2	0.333333333333	0.6	0.466666666667	0.466666666667	0.466666666667	0.6	0.166666666667	0.466666666667	0.133333333333	0.4	0.2
assess	0.233333333333	0.3	0.233333333333	0.6	0.133333333333	0.466666666667	1.0	0.133333333333	0.3	0.2	0.4	0.166666666667
rule	0.266666666667	0.266666666667	0.633333333333	0.466666666667	0.8	0.6	1.0	0.0333333333333	0.9	0.333333333333	0.333333333333	0.0666666666667
post	0.233333333333	0.3	0.333333333333	0.466666666667	0.133333333333	1.0	1.0	0.1	0.266666666667	0.2	0.333333333333	0.1
arrest	-0.133333333333	0.166666666667	-0.733333333333	-0.733333333333	0.266666666667	0.466666666667	0.733333333333	-0.866666666667	0.3	-0.0666666666667	0.0666666666667	-0.866666666667
endorse	0.2	0.2	0.666666666667	0.666666666667	0.266666666667	0.6	0.6	0.1	0.633333333333	0.2	0.2	0.133333333333
flood	0.0	0.133333333333	0.1	-0.133333333333	0.333333333333	0.0666666666667	0.333333333333	0.1	0.0	0.166666666667	0.0666666666667	0.2
ratify	0.566666666667	0.433333333333	0.666666666667	0.8	0.266666666667	0.733333333333	0.733333333333	0.0	0.766666666667	0.466666666667	0.433333333333	0.0
overthrow	-0.4	0.366666666667	-0.7	-0.866666666667	0.533333333333	0.333333333333	1.0	-0.7	0.666666666667	-0.366666666667	0.333333333333	-0.766666666667
raid	0.0	-0.1	-0.733333333333	-0.866666666667	0.333333333333	0.333333333333	0.466666666667	-0.633333333333	0.3	-0.0333333333333	-0.133333333333	-0.566666666667
launch	0.3	0.333333333333	0.766666666667	0.8	0.533333333333	0.6	0.866666666667	0.0	0.766666666667	0.366666666667	0.3	0.0
decline	-0.0666666666667	0.1	-0.7	-0.466666666667	-0.133333333333	0.333333333333	0.866666666667	-0.166666666667	-0.133333333333	-0.0666666666667	0.0333333333333	-0.1
contact	0.233333333333	0.2	0.366666666667	0.2	0.4	0.866666666667	0.866666666667	0.333333333333	0.366666666667	0.333333333333	0.2	0.266666666667
depend	0.0666666666667	0.0666666666667	0.166666666667	0.0	0.266666666667	-0.0666666666667	0.466666666667	0.0666666666667	0.133333333333	0.1	0.1	0.2
fear	-0.533333333333	0.1	-0.966666666667	-0.0666666666667	-0.8	0.2	0.733333333333	-0.0666666666667	-1.0	-0.666666666667	0.233333333333	-0.233333333333
identify	-0.166666666667	0.133333333333	-0.266666666667	0.2	0.133333333333	0.333333333333	1.0	0.1	-0.0333333333333	-0.166666666667	0.266666666667	0.0666666666667
deter	-0.233333333333	-0.0333333333333	0.0	-0.6	0.133333333333	0.466666666667	0.333333333333	-0.566666666667	0.0	-0.2	-0.0333333333333	-0.6
surround	0.133333333333	-0.0333333333333	-0.266666666667	-0.0666666666667	0.266666666667	0.6	0.333333333333	-0.0666666666667	0.4	0.133333333333	0.0	-0.0666666666667
change	0.2	0.366666666667	0.1	0.466666666667	0.2	0.6	1.0	0.166666666667	0.266666666667	0.2	0.333333333333	0.2
overlook	0.0	-0.0333333333333	-0.233333333333	-0.2	-0.133333333333	0.466666666667	0.733333333333	-0.0666666666667	-0.4	-0.166666666667	-0.166666666667	-0.1
reply	0.133333333333	0.1	0.1	0.2	0.2	0.333333333333	0.333333333333	0.1	0.0333333333333	0.2	0.133333333333	0.166666666667
apply	0.166666666667	0.266666666667	0.566666666667	0.533333333333	0.333333333333	0.333333333333	0.866666666667	-0.0333333333333	0.6	0.233333333333	0.333333333333	0.0
hang	0.1	0.1	-0.1	0.266666666667	-0.0666666666667	0.333333333333	0.866666666667	0.0	-0.1	0.0666666666667	0.133333333333	-0.0666666666667
torture	-0.0333333333333	-0.366666666667	-0.0333333333333	-0.733333333333	-0.0666666666667	0.6	0.0666666666667	-0.8	-0.0666666666667	0.0	-0.466666666667	-0.7
pass	0.133333333333	0.266666666667	0.0	0.2	0.2	0.333333333333	0.6	0.0	0.1	0.0333333333333	0.166666666667	0.0333333333333
total	0.0333333333333	0.0333333333333	-0.0666666666667	0.0666666666667	0.2	0.333333333333	0.333333333333	0.0666666666667	0.0	0.0333333333333	0.0	0.0666666666667
satisfy	0.366666666667	0.566666666667	0.133333333333	0.8	0.2	0.466666666667	0.6	0.7	0.4	0.433333333333	0.6	0.7
revive	0.4	0.4	0.7	0.466666666667	0.333333333333	0.6	1.0	0.266666666667	0.766666666667	0.333333333333	0.333333333333	0.166666666667
grab	-0.0333333333333	-0.133333333333	-0.3	-0.666666666667	0.0666666666667	0.6	0.6	-0.5	-0.166666666667	-0.0666666666667	-0.2	-0.433333333333
presume	0.266666666667	0.3	0.3	0.4	0.2	0.6	0.466666666667	0.0	0.266666666667	0.333333333333	0.333333333333	0.0333333333333
volunteer	0.3	0.366666666667	0.133333333333	0.466666666667	0.0	0.866666666667	1.0	0.0666666666667	0.333333333333	0.433333333333	0.466666666667	0.1
hurt	-0.166666666667	-0.566666666667	-0.3	-0.866666666667	-0.133333333333	0.733333333333	0.2	-0.8	-0.366666666667	-0.2	-0.766666666667	-0.733333333333
contrast	0.0666666666667	0.133333333333	-0.0333333333333	0.0	0.0666666666667	0.2	0.466666666667	0.1	0.0	0.133333333333	0.1	0.0666666666667
prefer	0.133333333333	0.133333333333	0.766666666667	0.266666666667	0.466666666667	0.6	0.733333333333	0.1	0.533333333333	0.166666666667	0.266666666667	0.1
sweep	0.266666666667	0.2	0.233333333333	0.133333333333	0.0666666666667	0.6	0.333333333333	-0.1	0.1	0.166666666667	0.2	0.133333333333
describe	0.1	0.2	0.2	0.333333333333	0.0666666666667	0.2	0.733333333333	-0.0333333333333	0.266666666667	0.1	0.233333333333	0.0
resemble	0.233333333333	0.333333333333	0.2	0.266666666667	-0.0666666666667	0.6	0.6	0.133333333333	0.1	0.2	0.466666666667	0.2
block	-0.2	-0.233333333333	-0.5	-0.466666666667	0.0	0.6	0.6	-0.166666666667	-0.3	-0.2	-0.333333333333	-0.2
illustrate	0.266666666667	0.366666666667	0.5	0.466666666667	0.266666666667	0.6	0.866666666667	0.1	0.566666666667	0.3	0.433333333333	0.1
abuse	0.366666666667	-0.766666666667	-0.6	-0.666666666667	0.0666666666667	0.733333333333	0.333333333333	-0.766666666667	-0.366666666667	0.566666666667	-0.9	-0.7
plunge	0.1	-0.333333333333	-0.0333333333333	-0.266666666667	0.133333333333	0.2	0.333333333333	-0.266666666667	0.133333333333	0.133333333333	-0.333333333333	-0.233333333333
ruin	-0.0333333333333	-0.633333333333	-0.2	-0.533333333333	-0.0666666666667	1.0	0.2	-0.533333333333	-0.5	-0.1	-0.566666666667	-0.5
authorize	0.4	0.3	0.4	0.733333333333	0.333333333333	0.866666666667	0.866666666667	0.2	0.4	0.366666666667	0.266666666667	0.233333333333
influence	0.2	-0.0333333333333	0.233333333333	0.2	0.0666666666667	0.6	0.6	-0.0666666666667	0.133333333333	0.233333333333	-0.0333333333333	0.0333333333333
resume	0.266666666667	0.3	0.633333333333	0.466666666667	0.266666666667	0.333333333333	0.733333333333	0.0333333333333	0.7	0.366666666667	0.433333333333	0.133333333333
warm	0.6	0.533333333333	0.1	0.666666666667	0.2	0.466666666667	0.733333333333	0.4	0.2	0.5	0.533333333333	0.466666666667
disturb	0.433333333333	-0.533333333333	-0.1	-0.866666666667	0.0	0.466666666667	-0.2	-0.633333333333	0.1	0.466666666667	-0.6	-0.566666666667
choose	0.4	0.266666666667	0.766666666667	0.333333333333	0.466666666667	0.333333333333	0.466666666667	0.366666666667	0.666666666667	0.433333333333	0.3	0.433333333333
consume	0.133333333333	-0.0666666666667	0.566666666667	-0.133333333333	0.733333333333	0.733333333333	0.733333333333	0.0333333333333	0.566666666667	0.2	0.133333333333	0.0333333333333
receive	0.433333333333	0.3	0.666666666667	0.2	0.666666666667	0.466666666667	0.866666666667	0.166666666667	0.666666666667	0.433333333333	0.4	0.166666666667
love	0.6	0.566666666667	0.766666666667	0.8	0.533333333333	1.0	0.6	0.633333333333	0.8	0.5	0.533333333333	0.666666666667
smoke	-0.1	-0.133333333333	0.633333333333	-0.333333333333	-0.133333333333	0.333333333333	0.6	-0.0666666666667	0.6	-0.1	0.133333333333	-0.0666666666667
ignore	-0.1	-0.433333333333	-0.5	-0.4	0.133333333333	0.333333333333	0.2	-0.533333333333	-0.133333333333	-0.0666666666667	-0.466666666667	-0.6
attempt	0.1	0.2	0.366666666667	0.2	0.266666666667	0.2	0.466666666667	0.0333333333333	0.2	0.166666666667	0.266666666667	0.0
coordinate	0.233333333333	0.2	0.166666666667	0.4	0.2	-0.333333333333	0.0666666666667	0.0333333333333	0.233333333333	0.166666666667	0.133333333333	-0.0333333333333
scatter	-0.0333333333333	0.0666666666667	-0.0666666666667	-0.4	0.0	0.2	0.333333333333	-0.133333333333	0.0333333333333	-0.0333333333333	-0.1	-0.166666666667
consist	0.0333333333333	0.133333333333	0.0	0.2	0.133333333333	-0.0666666666667	-0.333333333333	0.0333333333333	0.0	0.0666666666667	0.0666666666667	0.0333333333333
reject	-0.166666666667	-0.2	-0.733333333333	-0.8	0.133333333333	0.866666666667	0.866666666667	-0.166666666667	0.2	-0.0666666666667	-0.2	-0.166666666667
meet	0.166666666667	0.266666666667	0.3	0.266666666667	0.466666666667	0.733333333333	0.733333333333	0.1	0.266666666667	0.233333333333	0.3	0.1
assume	0.0	0.233333333333	0.0333333333333	0.333333333333	0.333333333333	0.2	0.6	0.0666666666667	0.0666666666667	0.0333333333333	0.266666666667	0.0666666666667
engage	0.166666666667	0.1	0.166666666667	0.266666666667	0.266666666667	0.333333333333	0.866666666667	0.233333333333	0.3	0.233333333333	0.1	0.166666666667
diagnose	0.166666666667	0.333333333333	-0.1	0.533333333333	0.2	0.333333333333	0.733333333333	0.0666666666667	0.2	-0.0333333333333	0.233333333333	0.1
spill	-0.166666666667	-0.0666666666667	-0.233333333333	-0.733333333333	-0.533333333333	0.4	0.933333333333	-0.0666666666667	-0.8	-0.233333333333	0.0333333333333	-0.0666666666667
fly	-0.0333333333333	0.3	0.333333333333	0.0666666666667	0.0666666666667	-0.2	0.6	0.0	0.266666666667	0.0333333333333	0.3	0.0
declare	-0.1	0.133333333333	0.466666666667	0.133333333333	0.2	0.466666666667	0.866666666667	0.1	0.3	-0.1	0.1	0.1
create	0.266666666667	0.266666666667	0.166666666667	0.333333333333	0.266666666667	0.466666666667	0.866666666667	0.0	0.166666666667	0.166666666667	0.2	0.0666666666667
pray	0.3	0.333333333333	0.5	0.466666666667	0.2	0.6	0.466666666667	0.366666666667	0.5	0.366666666667	0.266666666667	0.366666666667
sound	0.266666666667	-0.0666666666667	-0.133333333333	0.4	-0.0666666666667	0.466666666667	-0.0666666666667	0.0	-0.0666666666667	0.3	0.0333333333333	0.0
confirm	0.433333333333	0.366666666667	0.433333333333	0.666666666667	0.266666666667	0.733333333333	1.0	0.1	0.4	0.433333333333	0.466666666667	0.1
trust	0.433333333333	0.5	0.8	0.6	0.4	1.0	1.0	0.766666666667	0.8	0.6	0.6	0.633333333333
point	-0.0666666666667	0.166666666667	-0.0666666666667	0.2	0.266666666667	0.2	1.0	-0.133333333333	-0.133333333333	-0.0333333333333	0.1	-0.1
assure	0.466666666667	0.533333333333	0.7	0.933333333333	0.266666666667	0.866666666667	0.866666666667	0.5	0.466666666667	0.466666666667	0.6	0.633333333333
double	0.0333333333333	0.0	0.266666666667	0.266666666667	0.4	0.0666666666667	0.466666666667	0.0333333333333	0.333333333333	0.0	-0.0333333333333	0.0
suggest	0.333333333333	0.4	0.533333333333	0.266666666667	0.2	0.6	1.0	-0.0666666666667	0.433333333333	0.3	0.4	0.1
fire	-0.0333333333333	0.0666666666667	0.3	0.0666666666667	0.266666666667	0.2	0.733333333333	0.0	0.4	-0.1	0.0666666666667	0.0333333333333
chase	-0.1	-0.1	-0.566666666667	-0.533333333333	0.0	0.733333333333	0.733333333333	-0.7	-0.166666666667	-0.2	-0.2	-0.666666666667
rip	0.266666666667	-0.1	-0.0666666666667	-0.4	0.0666666666667	0.333333333333	-0.0666666666667	0.0	-0.0666666666667	0.2	-0.166666666667	0.0
constitute	0.3	0.4	0.266666666667	0.4	0.333333333333	0.6	0.866666666667	0.3	0.3	0.4	0.433333333333	0.2
pave	0.366666666667	0.466666666667	0.2	0.6	0.333333333333	0.0666666666667	0.733333333333	0.0	0.2	0.333333333333	0.433333333333	0.0
feel	0.366666666667	0.366666666667	0.433333333333	0.133333333333	0.2	0.2	0.733333333333	0.0	0.4	0.3	0.4	0.0
decide	0.266666666667	0.266666666667	0.333333333333	0.333333333333	0.0	0.866666666667	1.0	0.0	0.333333333333	0.266666666667	0.166666666667	0.0
caution	0.3	0.4	0.533333333333	0.866666666667	0.0	1.0	0.733333333333	-0.4	-0.266666666667	0.333333333333	0.466666666667	0.5
follow	0.233333333333	0.233333333333	0.433333333333	0.666666666667	0.466666666667	0.6	0.466666666667	0.233333333333	0.433333333333	0.266666666667	0.2	0.3
enlist	0.5	0.433333333333	0.666666666667	0.266666666667	0.733333333333	0.866666666667	0.733333333333	0.166666666667	0.566666666667	0.466666666667	0.3	0.266666666667
shell	0.1	-0.633333333333	-0.733333333333	-0.8	0.466666666667	0.866666666667	-0.466666666667	-0.7	0.266666666667	0.266666666667	-0.666666666667	-0.7
nominate	0.533333333333	0.533333333333	0.833333333333	1.0	0.4	1.0	0.866666666667	0.833333333333	0.8	0.6	0.566666666667	0.866666666667
abandon	0.0666666666667	-0.366666666667	-0.8	-0.533333333333	-0.466666666667	0.0666666666667	0.6	-0.3	-0.6	0.0666666666667	-0.433333333333	-0.2
debate	0.1	0.3	0.0666666666667	0.266666666667	0.533333333333	0.6	0.866666666667	0.0	0.1	0.166666666667	0.3	0.0
ring	0.0333333333333	0.266666666667	-0.0333333333333	0.4	0.2	-0.333333333333	0.733333333333	-0.0333333333333	0.0	0.1	0.2	0.0
plant	0.333333333333	0.5	0.8	0.666666666667	0.333333333333	0.6	0.866666666667	0.0666666666667	0.666666666667	0.366666666667	0.633333333333	0.0666666666667
label	0.1	0.0	0.0333333333333	0.0666666666667	0.0666666666667	0.333333333333	-0.2	0.0	0.0333333333333	0.0666666666667	0.0	0.0333333333333
disarm	-0.0333333333333	-0.1	-0.233333333333	-0.6	0.133333333333	0.733333333333	-0.0666666666667	-0.7	0.166666666667	0.0	-0.166666666667	-0.766666666667
realize	0.266666666667	0.5	0.2	0.2	0.333333333333	0.466666666667	0.733333333333	-0.0333333333333	0.3	0.2	0.466666666667	-0.0666666666667
shock	0.133333333333	-0.233333333333	-0.133333333333	-0.466666666667	-0.133333333333	1.0	-0.333333333333	-0.4	-0.0333333333333	0.2	-0.233333333333	-0.466666666667
proclaim	0.366666666667	0.366666666667	0.6	0.466666666667	0.466666666667	0.733333333333	0.866666666667	0.2	0.666666666667	0.466666666667	0.466666666667	-0.0666666666667
earn	0.5	0.533333333333	0.6	0.133333333333	0.466666666667	0.6	0.733333333333	0.0666666666667	0.6	0.566666666667	0.533333333333	0.1
risk	-0.333333333333	0.166666666667	-0.466666666667	-0.0666666666667	-0.4	-0.0666666666667	0.733333333333	-0.0666666666667	-0.366666666667	-0.266666666667	0.2	-0.0666666666667
drown	0.133333333333	-0.333333333333	-0.3	-0.733333333333	0.0	0.6	0.0666666666667	-0.4	-0.0666666666667	-0.0666666666667	-0.433333333333	-0.466666666667
impose	0.166666666667	0.0666666666667	0.433333333333	0.333333333333	0.333333333333	0.2	0.866666666667	0.0333333333333	0.333333333333	0.166666666667	0.1	0.0666666666667
check	-0.0666666666667	0.2	0.0	0.2	0.6	0.466666666667	0.866666666667	0.0333333333333	0.3	0.1	0.366666666667	0.0333333333333
stab	0.0666666666667	-0.566666666667	-0.933333333333	-0.933333333333	0.0666666666667	0.866666666667	0.333333333333	-1.0	-0.166666666667	0.1	-0.666666666667	-0.933333333333
spur	0.133333333333	0.166666666667	-0.1	0.466666666667	0.0666666666667	0.6	0.6	0.0666666666667	-0.0666666666667	0.166666666667	0.233333333333	0.0333333333333
shift	0.0333333333333	-0.0333333333333	-0.1	0.0	0.6	-0.2	0.466666666667	-0.0666666666667	0.1	0.0333333333333	-0.0333333333333	-0.1
acquit	0.133333333333	0.166666666667	0.2	0.533333333333	0.0666666666667	0.866666666667	0.733333333333	0.633333333333	0.333333333333	0.0666666666667	0.133333333333	0.4
affect	0.366666666667	0.0666666666667	0.2	0.0	0.0666666666667	0.6	0.6	-0.166666666667	0.1	0.533333333333	0.0666666666667	0.0333333333333
sentence	-0.433333333333	0.366666666667	-0.6	-0.8	0.2	0.466666666667	0.733333333333	-0.9	0.166666666667	-0.433333333333	0.466666666667	-0.9
lie	0.0666666666667	0.0	-0.233333333333	-0.0666666666667	0.0666666666667	0.333333333333	0.333333333333	-0.133333333333	-0.2	0.166666666667	-0.2	-0.1
combine	0.5	0.433333333333	0.5	0.466666666667	0.666666666667	0.866666666667	0.866666666667	0.166666666667	0.633333333333	0.566666666667	0.533333333333	0.133333333333
belong	0.266666666667	0.2	0.333333333333	0.333333333333	0.266666666667	0.4	0.6	0.2	0.2	0.3	0.266666666667	0.233333333333
waste	0.0333333333333	-0.266666666667	0.0	-0.333333333333	-0.533333333333	0.733333333333	0.466666666667	-0.0666666666667	-0.666666666667	0.3	-0.233333333333	-0.0666666666667
order	-0.133333333333	-0.133333333333	-0.133333333333	-0.266666666667	0.133333333333	0.0666666666667	0.466666666667	-0.133333333333	0.0666666666667	-0.1	-0.133333333333	-0.133333333333
clean	0.166666666667	0.666666666667	0.266666666667	0.6	0.2	0.2	0.866666666667	0.2	0.533333333333	0.166666666667	0.766666666667	0.2
depose	-0.1	0.0333333333333	-0.7	-0.933333333333	0.333333333333	0.6	1.0	-0.833333333333	0.366666666667	-0.233333333333	0.1	-0.766666666667
reflect	0.0333333333333	0.133333333333	-0.233333333333	0.0	0.0	-0.2	0.6	0.1	-0.1	0.0666666666667	0.2	0.133333333333
allege	-0.133333333333	0.0	0.0333333333333	-0.133333333333	0.0	0.333333333333	0.733333333333	-0.3	-0.0333333333333	-0.0333333333333	-0.0333333333333	-0.266666666667
accelerate	0.0	0.0333333333333	0.0333333333333	0.533333333333	0.0666666666667	0.333333333333	0.2	0.0	0.0	0.0	-0.0333333333333	0.0333333333333
contaminate	0.2	-0.466666666667	-0.0666666666667	-0.8	0.2	0.733333333333	-0.333333333333	-0.166666666667	0.0	0.2	-0.533333333333	-0.166666666667
arrange	0.266666666667	0.366666666667	0.5	0.6	0.4	0.333333333333	0.733333333333	0.0	0.466666666667	0.3	0.366666666667	0.0
ban	-0.133333333333	-0.533333333333	-0.9	-0.866666666667	0.133333333333	0.866666666667	0.466666666667	-0.133333333333	0.0666666666667	-0.0333333333333	-0.5	-0.3
rent	0.3	0.4	0.666666666667	0.266666666667	0.4	0.6	0.333333333333	-0.0333333333333	0.5	0.366666666667	0.433333333333	0.0333333333333
breathe	0.2	0.333333333333	0.2	0.2	0.4	0.333333333333	0.733333333333	0.0	0.5	0.233333333333	0.3	-0.0666666666667
award	0.566666666667	0.433333333333	0.5	0.333333333333	0.133333333333	0.6	0.466666666667	0.2	0.533333333333	0.533333333333	0.3	0.2
sell	0.0666666666667	0.133333333333	0.166666666667	0.2	0.466666666667	0.466666666667	0.6	-0.133333333333	0.366666666667	0.1	0.1	-0.0666666666667
dominate	0.333333333333	-0.0666666666667	0.366666666667	0.133333333333	0.666666666667	0.733333333333	0.6	-0.0666666666667	0.733333333333	0.333333333333	0.166666666667	-0.0333333333333
stick	-0.233333333333	-0.233333333333	-0.0666666666667	-0.166666666667	-0.266666666667	0.333333333333	0.466666666667	-0.1	-0.5	-0.233333333333	-0.233333333333	-0.166666666667
project	0.2	0.0	0.333333333333	0.266666666667	0.266666666667	0.6	0.466666666667	0.0333333333333	0.266666666667	0.233333333333	0.233333333333	0.1
conceal	-0.3	-0.133333333333	-0.4	0.0	-0.0666666666667	0.333333333333	0.466666666667	-0.0666666666667	-0.0333333333333	-0.266666666667	-0.333333333333	0.0666666666667
ride	0.2	0.133333333333	0.2	-0.133333333333	0.533333333333	0.466666666667	0.333333333333	-0.0333333333333	0.333333333333	0.233333333333	0.133333333333	-0.0666666666667
balance	0.0	0.3	0.266666666667	0.533333333333	0.2	0.333333333333	0.733333333333	0.0333333333333	0.3	0.0	0.166666666667	-0.0333333333333
drive	0.3	0.266666666667	0.2	0.466666666667	0.133333333333	0.866666666667	0.733333333333	0.0666666666667	0.3	0.3	0.3	0.133333333333
hail	0.366666666667	0.433333333333	0.633333333333	0.3	0.0666666666667	0.6	0.6	0.333333333333	0.433333333333	0.333333333333	0.4	0.4
contribute	0.5	0.533333333333	0.666666666667	0.666666666667	0.4	0.466666666667	0.733333333333	0.0	0.8	0.5	0.633333333333	-0.0333333333333
reconcile	0.4	0.566666666667	0.133333333333	0.533333333333	0.333333333333	0.6	0.466666666667	0.4	0.0333333333333	0.566666666667	0.6	0.433333333333
stretch	0.133333333333	0.2	0.433333333333	0.4	0.4	0.6	0.6	0.0666666666667	0.466666666667	0.1	0.1	0.0666666666667
imply	0.466666666667	0.4	0.333333333333	0.6	0.4	0.866666666667	0.733333333333	0.2	0.266666666667	0.466666666667	0.366666666667	0.233333333333
consider	0.266666666667	0.266666666667	0.366666666667	0.333333333333	0.333333333333	0.466666666667	0.866666666667	0.0333333333333	0.4	0.2	0.266666666667	0.1
defend	0.4	0.533333333333	0.933333333333	0.666666666667	0.2	0.866666666667	1.0	0.566666666667	0.8	0.433333333333	0.533333333333	0.566666666667
stand	0.133333333333	0.266666666667	0.266666666667	0.2	0.4	0.0666666666667	0.466666666667	0.133333333333	0.233333333333	0.133333333333	0.4	0.1
reduce	0.1	-0.233333333333	-0.0666666666667	-0.4	0.266666666667	0.333333333333	0.333333333333	-0.333333333333	0.233333333333	0.133333333333	-0.333333333333	-0.433333333333
miss	0.3	0.266666666667	0.2	-0.2	-0.8	0.6	0.6	-0.166666666667	-0.8	0.233333333333	0.4	0.0
doubt	-0.1	0.133333333333	-0.5	-0.8	-0.0666666666667	0.466666666667	0.466666666667	0.0	-0.533333333333	-0.133333333333	0.166666666667	-0.0666666666667
solve	-0.166666666667	0.666666666667	0.133333333333	0.133333333333	0.4	-0.2	0.733333333333	0.0666666666667	0.9	-0.1	0.733333333333	0.0666666666667
predict	0.0666666666667	0.333333333333	0.0666666666667	0.2	0.2	0.866666666667	0.733333333333	-0.0333333333333	0.233333333333	0.2	0.366666666667	0.0333333333333
transform	0.6	0.566666666667	0.0333333333333	0.733333333333	0.2	1.0	1.0	0.433333333333	0.133333333333	0.666666666667	0.633333333333	0.433333333333
record	0.433333333333	0.366666666667	0.4	0.266666666667	0.533333333333	0.6	0.866666666667	0.0	0.433333333333	0.433333333333	0.366666666667	-0.133333333333
erect	0.3	0.366666666667	0.533333333333	0.533333333333	0.333333333333	0.466666666667	0.733333333333	-0.0333333333333	0.566666666667	0.333333333333	0.266666666667	0.0
exaggerate	0.0	-0.133333333333	0.433333333333	-0.0666666666667	-0.333333333333	0.466666666667	0.466666666667	-0.0666666666667	0.133333333333	0.0333333333333	-0.133333333333	-0.0666666666667
intend	0.166666666667	0.2	0.233333333333	0.4	0.133333333333	0.733333333333	0.6	0.166666666667	0.266666666667	0.233333333333	0.4	0.233333333333
spin	0.266666666667	0.433333333333	0.666666666667	0.466666666667	0.4	0.866666666667	0.733333333333	0.1	0.633333333333	0.366666666667	0.366666666667	0.166666666667
finish	0.533333333333	0.6	0.633333333333	0.266666666667	0.466666666667	0.866666666667	1.0	0.0666666666667	0.733333333333	0.466666666667	0.633333333333	0.1
guess	0.133333333333	0.266666666667	0.3	0.0666666666667	0.0666666666667	0.466666666667	0.866666666667	0.0	0.233333333333	0.1	0.266666666667	0.0
derive	0.4	0.4	0.566666666667	0.2	0.6	0.333333333333	0.733333333333	0.133333333333	0.566666666667	0.366666666667	0.466666666667	0.133333333333
lack	0.2	0.0666666666667	-0.0333333333333	-0.0666666666667	-0.733333333333	0.733333333333	0.333333333333	0.0	-0.7	0.2	0.0	0.0
devote	0.433333333333	0.533333333333	0.433333333333	0.266666666667	0.133333333333	0.333333333333	0.733333333333	-0.0666666666667	0.566666666667	0.433333333333	0.533333333333	-0.0666666666667
enter	0.266666666667	0.4	0.6	0.2	0.466666666667	0.466666666667	0.6	0.0	0.5	0.433333333333	0.566666666667	0.133333333333
sustain	0.233333333333	0.3	0.5	0.533333333333	0.333333333333	0.466666666667	0.6	0.266666666667	0.4	0.3	0.4	0.233333333333
raise	0.233333333333	0.233333333333	0.3	0.333333333333	0.2	0.2	0.6	-0.0333333333333	0.4	0.266666666667	0.3	-0.0333333333333
trigger	-0.133333333333	-0.133333333333	-0.0333333333333	0.333333333333	-0.0666666666667	-0.2	-0.0666666666667	0.0	0.0333333333333	-0.1	-0.0666666666667	-0.0333333333333
become	-0.1	0.0	-0.133333333333	0.0666666666667	-0.133333333333	0.0666666666667	0.466666666667	0.133333333333	-0.166666666667	-0.133333333333	0.0666666666667	0.0666666666667
damage	0.533333333333	-0.633333333333	-0.1	-0.933333333333	0.0	0.733333333333	-0.333333333333	-0.333333333333	-0.166666666667	0.533333333333	-0.7	-0.233333333333
prepare	0.5	0.5	0.366666666667	0.733333333333	0.333333333333	0.6	0.866666666667	0.333333333333	0.466666666667	0.466666666667	0.533333333333	0.233333333333
allow	0.4	0.5	0.266666666667	0.866666666667	0.2	1.0	0.733333333333	0.366666666667	0.266666666667	0.466666666667	0.533333333333	0.4
include	0.433333333333	0.266666666667	0.333333333333	0.666666666667	0.333333333333	0.866666666667	0.6	0.333333333333	0.1	0.466666666667	0.266666666667	0.466666666667
praise	0.8	0.7	0.966666666667	0.733333333333	0.266666666667	0.866666666667	1.0	0.733333333333	0.833333333333	0.833333333333	0.733333333333	0.733333333333
administer	0.3	0.266666666667	0.366666666667	0.333333333333	0.0	0.466666666667	0.733333333333	-0.133333333333	0.333333333333	0.5	0.366666666667	-0.1
resign	-0.0666666666667	-0.0333333333333	-0.166666666667	-0.133333333333	-0.466666666667	0.733333333333	0.733333333333	-0.1	-0.5	-0.1	-0.1	-0.133333333333
divert	0.0	-0.133333333333	-0.0333333333333	-0.0666666666667	0.266666666667	0.2	0.2	-0.1	0.0	0.133333333333	-0.2	-0.1
bar	0.0	0.0333333333333	-0.3	-0.266666666667	0.266666666667	0.466666666667	0.466666666667	-0.0333333333333	0.233333333333	0.0	-0.2	0.0
dispatch	0.466666666667	0.466666666667	0.633333333333	0.533333333333	0.4	0.466666666667	0.466666666667	0.466666666667	0.566666666667	0.366666666667	0.4	0.5
depict	0.166666666667	0.2	0.166666666667	0.533333333333	0.133333333333	0.466666666667	0.6	0.1	0.133333333333	0.166666666667	0.166666666667	0.2
rise	0.3	0.366666666667	0.0333333333333	0.533333333333	0.133333333333	0.6	0.733333333333	0.166666666667	0.2	0.3	0.233333333333	0.133333333333
sacrifice	0.3	0.1	0.366666666667	-0.733333333333	-0.333333333333	1.0	0.866666666667	-0.2	-0.2	0.366666666667	0.0333333333333	-0.233333333333
anger	0.0333333333333	-0.433333333333	0.0333333333333	-0.466666666667	-0.2	0.866666666667	-0.2	-0.866666666667	0.0333333333333	0.0666666666667	-0.566666666667	-0.9
jump	-0.133333333333	-0.0666666666667	0.0666666666667	-0.2	0.4	0.0666666666667	0.6	-0.366666666667	0.5	-0.133333333333	-0.1	-0.4
enjoy	0.7	0.7	0.833333333333	0.333333333333	0.8	0.866666666667	1.0	0.333333333333	0.9	0.766666666667	0.766666666667	0.333333333333
defer	-0.0333333333333	0.166666666667	-0.133333333333	-0.466666666667	0.0666666666667	0.333333333333	0.733333333333	-0.0333333333333	0.0	-0.0333333333333	-0.0333333333333	-0.0666666666667
acquire	0.5	0.533333333333	0.8	0.266666666667	0.8	0.866666666667	0.866666666667	0.0666666666667	0.866666666667	0.5	0.566666666667	0.0666666666667
force	0.133333333333	-0.233333333333	0.0	-0.4	-0.0666666666667	0.6	-0.2	-0.566666666667	-0.0666666666667	0.2	-0.466666666667	-0.466666666667
release	0.2	0.2	0.1	0.533333333333	0.133333333333	0.733333333333	1.0	0.5	0.266666666667	0.1	0.266666666667	0.2
continue	0.3	0.333333333333	0.433333333333	0.6	0.4	0.0666666666667	0.466666666667	0.233333333333	0.466666666667	0.333333333333	0.333333333333	0.133333333333
govern	0.433333333333	0.3	0.5	0.333333333333	0.333333333333	0.8	1.0	0.0666666666667	0.566666666667	0.466666666667	0.3	0.166666666667
explain	0.266666666667	0.433333333333	0.133333333333	0.4	0.2	0.733333333333	0.866666666667	0.0	0.366666666667	0.233333333333	0.3	-0.0666666666667
bother	-0.0666666666667	-0.433333333333	-0.4	-0.733333333333	-0.133333333333	0.466666666667	0.333333333333	-0.766666666667	-0.1	0.0	-0.6	-0.8
assert	0.2	0.366666666667	0.266666666667	0.4	0.133333333333	0.333333333333	1.0	0.0333333333333	0.333333333333	0.2	0.333333333333	0.0666666666667
please	0.233333333333	0.233333333333	0.0666666666667	0.6	0.2	0.866666666667	0.333333333333	0.733333333333	0.166666666667	0.266666666667	0.233333333333	0.633333333333
disappoint	0.133333333333	-0.733333333333	-0.2	-0.866666666667	-0.133333333333	0.866666666667	0.2	-1.0	-0.366666666667	0.133333333333	-0.8	-0.966666666667
list	0.133333333333	0.166666666667	0.2	0.333333333333	0.0666666666667	0.0666666666667	0.466666666667	0.0666666666667	0.266666666667	0.1	0.233333333333	0.0666666666667
escape	-0.4	0.233333333333	-0.733333333333	0.0	0.666666666667	-0.466666666667	0.6	-0.133333333333	0.5	-0.366666666667	0.233333333333	-0.133333333333
generate	0.166666666667	0.2	0.533333333333	0.466666666667	0.6	0.6	0.6	0.0333333333333	0.4	0.166666666667	0.2	0.0
stabilize	0.266666666667	0.433333333333	0.433333333333	0.466666666667	0.133333333333	0.466666666667	0.733333333333	0.1	0.466666666667	0.4	0.366666666667	0.133333333333
demonstrate	0.133333333333	0.233333333333	0.266666666667	0.333333333333	0.0	0.733333333333	0.733333333333	0.0333333333333	0.4	0.266666666667	0.3	0.0333333333333
renounce	-0.166666666667	0.1	-0.533333333333	-0.533333333333	-0.133333333333	0.333333333333	0.866666666667	-0.2	-0.3	-0.166666666667	0.1	-0.266666666667
strengthen	0.566666666667	0.7	0.166666666667	0.866666666667	0.2	0.6	0.733333333333	0.7	0.133333333333	0.533333333333	0.6	0.366666666667
accumulate	0.2	0.133333333333	0.166666666667	0.266666666667	0.2	0.866666666667	0.466666666667	0.166666666667	0.266666666667	0.266666666667	0.166666666667	0.1
displace	0.133333333333	-0.233333333333	-0.133333333333	-0.666666666667	0.2	0.733333333333	0.0666666666667	-0.733333333333	-0.0333333333333	0.1	-0.133333333333	-0.733333333333
fill	0.166666666667	0.3	0.266666666667	0.266666666667	0.333333333333	0.333333333333	0.466666666667	0.133333333333	0.333333333333	0.233333333333	0.2	0.0666666666667
date	0.2	0.166666666667	0.433333333333	0.2	0.266666666667	-0.0666666666667	0.733333333333	0.2	0.3	0.233333333333	0.333333333333	0.133333333333
close	0.1	0.266666666667	0.333333333333	0.2	0.133333333333	0.333333333333	0.6	0.0	0.266666666667	0.1	0.4	0.0
owe	0.0333333333333	0.1	-0.4	0.0	-0.266666666667	0.2	0.6	-0.0333333333333	-0.433333333333	0.0333333333333	0.1	0.0333333333333
mobilize	0.166666666667	0.233333333333	0.133333333333	0.466666666667	0.133333333333	0.6	0.466666666667	-0.0333333333333	0.0333333333333	0.0666666666667	0.133333333333	0.1
haul	0.233333333333	-0.0666666666667	-0.1	0.0666666666667	0.333333333333	0.866666666667	0.0666666666667	-0.3	0.4	0.333333333333	-0.1	-0.2
bite	-0.0666666666667	-0.466666666667	-0.466666666667	-0.8	-0.133333333333	0.466666666667	0.2	-0.666666666667	-0.0666666666667	-0.1	-0.366666666667	-0.7
applaud	0.533333333333	0.433333333333	0.866666666667	0.666666666667	0.466666666667	0.866666666667	0.733333333333	0.466666666667	0.833333333333	0.533333333333	0.533333333333	0.366666666667
survive	-0.366666666667	0.7	-0.366666666667	-0.2	0.6	-0.733333333333	0.866666666667	-0.0666666666667	0.666666666667	-0.4	0.733333333333	0.0333333333333
unite	0.766666666667	0.566666666667	0.133333333333	1.0	0.2	0.866666666667	0.733333333333	0.9	0.133333333333	0.733333333333	0.566666666667	0.733333333333
inflict	-0.433333333333	-0.266666666667	0.233333333333	0.0666666666667	0.133333333333	0.0666666666667	0.333333333333	-0.0666666666667	-0.0666666666667	-0.6	-0.3	0.0
permit	0.133333333333	0.0	0.1	0.666666666667	0.4	0.733333333333	0.866666666667	0.566666666667	0.0666666666667	0.333333333333	0.1	0.566666666667
hire	0.366666666667	0.4	0.633333333333	0.8	0.666666666667	0.866666666667	0.866666666667	0.566666666667	0.566666666667	0.433333333333	0.466666666667	0.6
prohibit	-0.0666666666667	0.0333333333333	-0.4	-0.733333333333	0.2	0.0666666666667	0.466666666667	-0.1	-0.1	-0.1	-0.0333333333333	0.133333333333
round	0.166666666667	0.0666666666667	-0.0666666666667	-0.0666666666667	0.266666666667	0.2	0.466666666667	-0.0666666666667	0.166666666667	0.2	0.0666666666667	0.0
relax	0.1	0.633333333333	0.233333333333	0.333333333333	0.333333333333	0.0666666666667	0.866666666667	0.1	0.666666666667	0.0666666666667	0.6	0.166666666667
let	-0.1	0.2	-0.166666666667	0.4	-0.266666666667	-0.0666666666667	1.0	0.166666666667	-0.133333333333	-0.166666666667	0.266666666667	0.1
like	0.533333333333	0.666666666667	0.933333333333	0.4	0.2	1.0	1.0	0.266666666667	0.966666666667	0.533333333333	0.733333333333	0.133333333333
underscore	0.233333333333	0.366666666667	0.3	0.533333333333	0.266666666667	0.333333333333	0.733333333333	0.1	0.3	0.166666666667	0.266666666667	0.1
confess	0.0666666666667	0.0333333333333	-0.133333333333	0.4	0.0666666666667	0.466666666667	0.733333333333	0.0333333333333	-0.3	0.133333333333	0.133333333333	0.0666666666667
accommodate	0.333333333333	0.333333333333	0.0666666666667	0.466666666667	0.0666666666667	0.733333333333	0.6	0.166666666667	0.1	0.433333333333	0.4	0.166666666667
observe	0.266666666667	0.333333333333	0.3	0.4	0.2	0.333333333333	0.466666666667	0.1	0.3	0.333333333333	0.366666666667	0.166666666667
unfold	0.1	0.233333333333	0.233333333333	0.133333333333	0.2	0.733333333333	0.733333333333	0.0	0.3	0.166666666667	0.3	0.0
define	0.166666666667	0.2	0.166666666667	0.533333333333	0.4	0.466666666667	0.866666666667	0.0666666666667	0.2	0.0666666666667	0.166666666667	0.133333333333
imagine	-0.1	0.233333333333	0.0666666666667	0.2	-0.133333333333	-0.0666666666667	0.333333333333	0.0666666666667	0.0666666666667	-0.0333333333333	0.366666666667	0.1
communicate	0.233333333333	0.3	0.5	0.333333333333	0.2	0.466666666667	0.466666666667	-0.0333333333333	0.366666666667	0.333333333333	0.266666666667	0.0
alter	0.2	0.2	0.2	0.133333333333	0.133333333333	0.333333333333	0.466666666667	0.0	0.333333333333	0.1	0.1	0.0
note	-0.2	0.233333333333	-0.2	0.133333333333	-0.0666666666667	-0.2	0.666666666667	0.0333333333333	-0.233333333333	-0.133333333333	0.266666666667	0.0333333333333
forget	-0.266666666667	-0.0666666666667	-0.4	-0.466666666667	-0.533333333333	0.0666666666667	1.0	-0.333333333333	-0.466666666667	-0.3	-0.0666666666667	-0.166666666667
bring	0.2	0.233333333333	0.3	0.266666666667	0.2	0.0666666666667	0.466666666667	0.0666666666667	0.166666666667	0.233333333333	0.3	0.1
start	0.6	0.666666666667	0.733333333333	0.733333333333	0.533333333333	0.733333333333	1.0	0.0666666666667	0.733333333333	0.633333333333	0.7	0.0666666666667
translate	0.233333333333	0.333333333333	0.1	0.566666666667	0.333333333333	0.2	0.733333333333	0.0	0.4	0.2	0.366666666667	-0.0333333333333
favor	0.333333333333	0.166666666667	0.6	0.4	0.2	0.866666666667	0.6	0.333333333333	0.633333333333	0.366666666667	0.4	0.4
renew	-0.1	0.2	0.333333333333	0.466666666667	0.2	0.733333333333	0.866666666667	0.0666666666667	0.233333333333	-0.1	0.133333333333	0.0
rescue	0.733333333333	0.8	0.833333333333	0.866666666667	0.333333333333	0.866666666667	1.0	0.866666666667	0.9	0.733333333333	0.8	0.933333333333
place	0.1	0.233333333333	0.4	0.466666666667	0.4	0.733333333333	0.866666666667	0.0666666666667	0.366666666667	0.0666666666667	0.166666666667	0.133333333333
require	0.166666666667	0.333333333333	0.266666666667	0.0666666666667	0.333333333333	0.6	1.0	-0.0666666666667	-0.0666666666667	0.2	0.333333333333	0.0666666666667
deliver	0.366666666667	0.466666666667	0.4	0.266666666667	0.2	0.6	0.866666666667	0.0666666666667	0.466666666667	0.366666666667	0.466666666667	0.1
drink	0.133333333333	0.166666666667	0.5	0.133333333333	0.533333333333	-0.0666666666667	0.6	0.0666666666667	0.533333333333	0.333333333333	0.4	0.0333333333333
yield	0.466666666667	0.366666666667	0.5	0.466666666667	0.466666666667	0.6	0.466666666667	0.1	0.233333333333	0.466666666667	0.5	0.0333333333333
regulate	0.166666666667	0.1	-0.1	-0.2	0.266666666667	0.866666666667	0.866666666667	-0.233333333333	0.5	0.166666666667	-0.0333333333333	-0.266666666667
pledge	0.333333333333	0.333333333333	0.6	0.6	0.266666666667	0.466666666667	0.466666666667	0.1	0.566666666667	0.366666666667	0.366666666667	0.133333333333
wear	0.4	0.433333333333	0.6	0.133333333333	0.466666666667	0.6	0.866666666667	-0.0333333333333	0.566666666667	0.4	0.5	-0.0333333333333
suppose	0.0	0.1	0.0333333333333	0.2	0.266666666667	-0.0666666666667	0.333333333333	0.0666666666667	0.2	0.133333333333	0.1	-0.0333333333333
undertake	0.433333333333	0.6	0.633333333333	0.333333333333	0.133333333333	0.6	0.733333333333	0.0	0.666666666667	0.466666666667	0.566666666667	-0.0333333333333
signal	0.0666666666667	0.1	0.133333333333	0.333333333333	0.2	0.2	0.466666666667	-0.0333333333333	0.166666666667	0.1	0.133333333333	-0.0333333333333
gather	0.2	0.0666666666667	0.2	0.466666666667	0.333333333333	0.866666666667	0.733333333333	0.2	0.133333333333	0.166666666667	0.0333333333333	0.166666666667
shape	0.433333333333	0.4	0.166666666667	0.666666666667	0.466666666667	0.866666666667	0.866666666667	0.133333333333	0.1	0.5	0.533333333333	0.133333333333
shoot	-0.0333333333333	-0.166666666667	-0.1	-0.333333333333	0.0666666666667	-0.333333333333	0.733333333333	-0.4	0.1	-0.0333333333333	-0.133333333333	-0.4
land	0.133333333333	0.166666666667	0.366666666667	0.133333333333	0.2	0.466666666667	0.6	0.2	0.433333333333	0.1	0.166666666667	0.1
believe	0.133333333333	0.233333333333	0.266666666667	0.733333333333	0.2	0.6	0.866666666667	0.4	0.366666666667	0.233333333333	0.266666666667	0.266666666667
play	0.433333333333	0.466666666667	0.3	0.266666666667	0.533333333333	0.6	1.0	-0.0666666666667	0.566666666667	0.533333333333	0.533333333333	0.0333333333333
collect	0.366666666667	0.333333333333	0.6	0.466666666667	0.466666666667	0.733333333333	0.733333333333	0.0333333333333	0.633333333333	0.366666666667	0.4	0.133333333333
sense	0.0666666666667	0.233333333333	0.0333333333333	-0.0666666666667	0.533333333333	0.0666666666667	0.866666666667	0.0	-0.0333333333333	0.1	0.3	-0.0666666666667
reassure	0.566666666667	0.566666666667	0.7	0.8	0.133333333333	0.733333333333	0.733333333333	0.766666666667	0.633333333333	0.533333333333	0.6	0.833333333333
score	0.7	0.6	0.866666666667	0.2	0.733333333333	0.6	1.0	0.0666666666667	0.866666666667	0.733333333333	0.533333333333	0.0
wind	0.1	0.266666666667	0.233333333333	0.133333333333	0.0	0.333333333333	0.466666666667	0.1	0.3	0.166666666667	0.266666666667	0.2
distribute	0.366666666667	0.366666666667	0.6	0.2	0.4	0.6	0.733333333333	-0.0666666666667	0.6	0.3	0.433333333333	-0.0666666666667
endure	-0.4	0.433333333333	-0.6	0.0	-0.133333333333	-0.266666666667	0.733333333333	0.1	-0.4	-0.466666666667	0.3	0.0
tear	0.0	0.0	-0.4	-0.733333333333	-0.133333333333	0.333333333333	0.866666666667	-0.233333333333	-0.2	-0.0333333333333	0.0	-0.333333333333
send	0.333333333333	0.333333333333	0.466666666667	0.2	0.266666666667	0.866666666667	1.0	0.0	0.3	0.3	0.466666666667	0.0333333333333
pause	0.133333333333	0.333333333333	0.166666666667	0.133333333333	-0.0666666666667	0.2	1.0	0.0	0.166666666667	0.0666666666667	0.333333333333	0.0666666666667
retrieve	0.166666666667	0.233333333333	0.0	0.466666666667	0.266666666667	0.333333333333	0.466666666667	0.0333333333333	0.133333333333	0.133333333333	0.266666666667	0.1
instruct	0.333333333333	0.366666666667	0.6	1.0	0.266666666667	1.0	1.0	0.566666666667	0.5	0.433333333333	0.533333333333	0.7
modify	-0.0333333333333	0.1	-0.233333333333	0.2	0.0	0.333333333333	0.6	0.0333333333333	0.1	0.0666666666667	0.166666666667	0.0333333333333
elaborate	0.0666666666667	0.1	0.233333333333	0.6	0.333333333333	0.333333333333	0.333333333333	0.0333333333333	0.233333333333	0.166666666667	0.166666666667	0.1
snap	0.2	0.266666666667	0.0666666666667	-0.2	0.2	0.6	1.0	-0.0666666666667	0.266666666667	0.233333333333	0.2	-0.0333333333333
pick	0.2	0.3	0.4	0.466666666667	0.266666666667	0.466666666667	0.6	0.233333333333	0.3	0.166666666667	0.266666666667	0.233333333333
load	-0.0666666666667	-0.0333333333333	0.133333333333	0.8	0.4	0.2	0.333333333333	0.0333333333333	0.0333333333333	-0.0333333333333	0.0	0.1
donate	0.366666666667	0.566666666667	0.6	0.333333333333	0.333333333333	0.6	1.0	0.0	0.733333333333	0.566666666667	0.633333333333	0.0333333333333
wipe	0.0	0.233333333333	0.233333333333	0.0666666666667	0.333333333333	0.0666666666667	0.466666666667	-0.0333333333333	0.366666666667	0.133333333333	0.133333333333	0.0
design	0.266666666667	0.333333333333	0.5	0.7	0.533333333333	0.733333333333	0.6	0.1	0.566666666667	0.366666666667	0.366666666667	0.1
reaffirm	0.3	0.433333333333	0.5	0.8	0.266666666667	0.733333333333	0.866666666667	0.166666666667	0.4	0.333333333333	0.3	0.0666666666667
convince	0.4	0.0666666666667	0.166666666667	0.533333333333	0.0	0.866666666667	0.466666666667	0.2	0.333333333333	0.4	0.0333333333333	0.0666666666667
bind	-0.0333333333333	-0.1	-0.266666666667	-0.4	0.0666666666667	0.733333333333	0.466666666667	-0.333333333333	0.1	0.166666666667	-0.166666666667	-0.366666666667
investigate	-0.133333333333	0.466666666667	-0.133333333333	-0.133333333333	0.333333333333	0.333333333333	0.866666666667	-0.1	0.133333333333	-0.133333333333	0.466666666667	0.0666666666667
uncover	0.1	0.233333333333	0.266666666667	0.2	0.2	0.466666666667	0.6	0.0333333333333	0.366666666667	0.233333333333	0.366666666667	0.0666666666667
